1.000000000000000000e+00 6.244472861289978027e-01 3.842997252941131592e-01 4.088404476642608643e-01 5.930118560791015625e-01 4.489773213863372803e-01 7.637657523155212402e-01 4.710127711296081543e-01 6.390102505683898926e-01 4.509484171867370605e-01 5.534158945083618164e-01 4.042574465274810791e-01 4.330987930297851562e-01 3.986336588859558105e-01 4.301588535308837891e-01 3.620133996009826660e-01 2.682379186153411865e-01 1.954419016838073730e-01 5.215365886688232422e-01 4.279091656208038330e-01 4.840516746044158936e-01 1.431969404220581055e-01 6.354139447212219238e-01 3.358766436576843262e-01 6.306449174880981445e-01 5.099277496337890625e-01 2.829195261001586914e-01 3.053355813026428223e-01 2.668108642101287842e-01 1.280337423086166382e-01 5.770514011383056641e-01 3.775562047958374023e-01 3.890203833580017090e-01 3.628773987293243408e-01 3.653122186660766602e-01 3.462091088294982910e-01 3.965903520584106445e-01 3.867369294166564941e-01 5.515197515487670898e-01 4.021011590957641602e-01 6.595240235328674316e-01 4.622392356395721436e-01 6.538385748863220215e-01 4.131338596343994141e-01 4.311302304267883301e-01 2.841425836086273193e-01 2.418322265148162842e-01 3.031900525093078613e-01 -6.480138003826141357e-02 1.728597730398178101e-01 3.732827901840209961e-01 3.484867513179779053e-01 4.935690015554428101e-02 7.207598537206649780e-02 3.772751092910766602e-01 4.235976934432983398e-01 4.046677350997924805e-01 3.775073885917663574e-01 5.437883138656616211e-01 4.545047581195831299e-01 4.781850874423980713e-01 3.581358194351196289e-01 2.739348113536834717e-01 3.055024445056915283e-01 5.405015945434570312e-01 2.196803987026214600e-01 2.300841659307479858e-01 -3.160943090915679932e-02 1.887987256050109863e-01 7.224463671445846558e-02 3.673714101314544678e-01 3.343621492385864258e-01 2.015589177608489990e-01 1.770441681146621704e-01 2.739050090312957764e-01 1.698542982339859009e-01 3.846033215522766113e-01 2.912555932998657227e-01 3.298580646514892578e-01 3.278365135192871094e-01 1.675579696893692017e-01 3.012737631797790527e-01 3.494003415107727051e-01 3.459932506084442139e-01 3.961827754974365234e-01 3.914963603019714355e-01 2.165211439132690430e-01 3.059840202331542969e-01 3.496421277523040771e-01 3.951872885227203369e-01 4.042549729347229004e-01 4.397463798522949219e-01 2.328863441944122314e-01 2.582473158836364746e-01 3.276046216487884521e-01 2.112928479909896851e-01
6.244472861289978027e-01 1.000000000000000000e+00 4.159449636936187744e-01 4.803099334239959717e-01 5.081053972244262695e-01 6.075578331947326660e-01 6.085976958274841309e-01 7.951500415802001953e-01 4.310131669044494629e-01 5.585239529609680176e-01 4.256539940834045410e-01 6.167883276939392090e-01 4.556219875812530518e-01 4.419898390769958496e-01 3.910176157951354980e-01 4.435423314571380615e-01 1.623784750699996948e-01 2.613372206687927246e-01 4.441332221031188965e-01 4.489439725875854492e-01 3.742813467979431152e-01 2.138154208660125732e-01 5.419862866401672363e-01 4.720437526702880859e-01 4.704840481281280518e-01 6.053217053413391113e-01 1.345064938068389893e-01 3.401132225990295410e-01 2.917442023754119873e-01 1.265589892864227295e-01 4.962747991085052490e-01 4.200443029403686523e-01 4.219403564929962158e-01 4.105593264102935791e-01 4.124495089054107666e-01 4.671238660812377930e-01 4.454164206981658936e-01 4.314670264720916748e-01 5.368611812591552734e-01 6.065827012062072754e-01 5.464220643043518066e-01 6.912949681282043457e-01 6.868939995765686035e-01 6.576052904129028320e-01 5.122742652893066406e-01 3.391614258289337158e-01 2.952131032943725586e-01 3.317803442478179932e-01 -5.619387328624725342e-02 3.336239457130432129e-01 4.133090376853942871e-01 4.211027026176452637e-01 4.905714094638824463e-02 1.226855963468551636e-01 3.872838914394378662e-01 6.148827075958251953e-01 4.731692969799041748e-01 4.871742129325866699e-01 5.618875026702880859e-01 5.995721220970153809e-01 5.607422590255737305e-01 5.610644221305847168e-01 2.075658738613128662e-01 2.642124891281127930e-01 4.162943363189697266e-01 3.255158960819244385e-01 2.465487271547317505e-01 1.597474701702594757e-02 3.026949465274810791e-01 1.318923085927963257e-01 3.591280281543731689e-01 3.752296566963195801e-01 2.631538808345794678e-01 1.156670376658439636e-01 2.735807597637176514e-01 2.318003475666046143e-01 5.025960803031921387e-01 4.450565874576568604e-01 4.218703508377075195e-01 4.286732077598571777e-01 1.552971750497817993e-01 4.476942420005798340e-01 3.910640478134155273e-01 4.177711009979248047e-01 4.199584126472473145e-01 4.469676315784454346e-01 2.662377059459686279e-01 3.566845953464508057e-01 3.561253547668457031e-01 4.081330299377441406e-01 4.143353402614593506e-01 4.578796625137329102e-01 2.622140049934387207e-01 2.613942325115203857e-01 3.318263292312622070e-01 2.569778859615325928e-01
3.842997252941131592e-01 4.159449636936187744e-01 1.000000000000000000e+00 7.195092439651489258e-01 5.352214574813842773e-01 6.319741606712341309e-01 3.024019896984100342e-01 4.501397609710693359e-01 3.683183193206787109e-01 4.856112897396087646e-01 5.371212959289550781e-01 5.589734315872192383e-01 6.805226802825927734e-01 6.722857952117919922e-01 3.693312406539916992e-01 3.698970675468444824e-01 1.718311160802841187e-01 1.433616429567337036e-01 4.330195784568786621e-01 4.413805902004241943e-01 2.524063587188720703e-01 -6.273698061704635620e-02 2.725978493690490723e-01 6.350382417440414429e-02 2.680459916591644287e-01 3.158657550811767578e-01 4.513618350028991699e-02 2.912423610687255859e-01 2.415581047534942627e-01 5.551145225763320923e-02 3.212794065475463867e-01 2.664485275745391846e-01 6.344745159149169922e-01 6.148753166198730469e-01 4.872368872165679932e-01 5.094247460365295410e-01 6.844023466110229492e-01 6.169907450675964355e-01 6.322208046913146973e-01 6.488116979598999023e-01 3.324814140796661377e-01 5.235909223556518555e-01 3.630866706371307373e-01 3.821765482425689697e-01 4.937787055969238281e-01 3.885473906993865967e-01 4.854404032230377197e-01 4.907146990299224854e-01 -2.244843915104866028e-02 1.047097072005271912e-01 6.224184036254882812e-01 6.804842352867126465e-01 1.946087111718952656e-03 8.797555416822433472e-02 5.822384953498840332e-01 6.329441666603088379e-01 7.184373140335083008e-01 6.612199544906616211e-01 4.882309734821319580e-01 5.840765833854675293e-01 4.735006392002105713e-01 5.315452814102172852e-01 4.262861907482147217e-01 4.714648425579071045e-01 4.025395810604095459e-01 2.656481564044952393e-01 1.678781956434249878e-01 2.276876941323280334e-02 2.077981233596801758e-01 6.001294776797294617e-02 5.221877098083496094e-01 5.175822973251342773e-01 2.133684307336807251e-01 6.343877315521240234e-02 1.994779109954833984e-01 1.044939607381820679e-01 4.398637413978576660e-01 4.113780260086059570e-01 4.990103840827941895e-01 4.636321961879730225e-01 4.609444141387939453e-01 5.400230884552001953e-01 7.329757213592529297e-01 7.129566669464111328e-01 6.467798948287963867e-01 6.741657853126525879e-01 5.661796927452087402e-01 6.158226132392883301e-01 5.517110228538513184e-01 5.559307336807250977e-01 6.494460701942443848e-01 6.124664545059204102e-01 4.674942791461944580e-01 4.543231427669525146e-01 4.779496788978576660e-01 3.886165916919708252e-01
4.088404476642608643e-01 4.803099334239959717e-01 7.195092439651489258e-01 1.000000000000000000e+00 6.840307116508483887e-01 7.438263297080993652e-01 3.479373753070831299e-01 5.546092987060546875e-01 5.379079580307006836e-01 5.697168707847595215e-01 6.032630801200866699e-01 6.487193703651428223e-01 8.129443526268005371e-01 8.235665559768676758e-01 4.451075792312622070e-01 4.764745235443115234e-01 2.558418512344360352e-01 1.939634978771209717e-01 6.113241314888000488e-01 5.920190215110778809e-01 3.742687702178955078e-01 -5.757958069443702698e-02 4.147545397281646729e-01 5.500861257314682007e-02 4.106822311878204346e-01 4.584464728832244873e-01 8.736727386713027954e-02 3.735349774360656738e-01 3.486849069595336914e-01 5.588524416089057922e-02 4.037378728389739990e-01 3.478681147098541260e-01 7.614276409149169922e-01 7.662383317947387695e-01 5.820556879043579102e-01 6.308568120002746582e-01 7.621164321899414062e-01 7.296200394630432129e-01 7.252520918846130371e-01 7.358867526054382324e-01 4.570156931877136230e-01 6.151244044303894043e-01 4.765748977661132812e-01 4.998418688774108887e-01 6.268215179443359375e-01 5.290453433990478516e-01 5.748363733291625977e-01 5.888381004333496094e-01 1.971943676471710205e-02 1.364570856094360352e-01 7.654210329055786133e-01 8.180912733078002930e-01 -5.888820160180330276e-03 9.556116908788681030e-02 6.273397207260131836e-01 7.259713411331176758e-01 8.188821673393249512e-01 7.652801871299743652e-01 5.966871380805969238e-01 6.836328506469726562e-01 5.802499055862426758e-01 6.484225392341613770e-01 5.059108138084411621e-01 5.842308998107910156e-01 4.378642737865447998e-01 3.191179335117340088e-01 1.730593591928482056e-01 5.275871232151985168e-02 2.466397434473037720e-01 1.163440942764282227e-01 6.375684738159179688e-01 6.491019725799560547e-01 2.510481178760528564e-01 8.192632347345352173e-02 2.507050633430480957e-01 1.337985098361968994e-01 5.586861968040466309e-01 5.494177341461181641e-01 6.246009469032287598e-01 5.917508602142333984e-01 4.437144696712493896e-01 6.271409988403320312e-01 7.945988178253173828e-01 8.445345759391784668e-01 7.991864085197448730e-01 8.253210783004760742e-01 5.725927352905273438e-01 7.058782577514648438e-01 6.466157436370849609e-01 6.777235865592956543e-01 7.605500817298889160e-01 7.668476700782775879e-01 5.348776578903198242e-01 5.273668766021728516e-01 5.665987730026245117e-01 4.626808166503906250e-01
5.930118560791015625e-01 5.081053972244262695e-01 5.352214574813842773e-01 6.840307116508483887e-01 1.000000000000000000e+00 7.629997730255126953e-01 5.563880205154418945e-01 5.752786993980407715e-01 7.015879154205322266e-01 5.963913202285766602e-01 6.722812056541442871e-01 5.705838799476623535e-01 6.940730214118957520e-01 6.668289899826049805e-01 4.799748063087463379e-01 4.878892004489898682e-01 3.143521845340728760e-01 2.182551920413970947e-01 6.479852199554443359e-01 6.286228299140930176e-01 5.020348429679870605e-01 4.431610554456710815e-02 6.038642525672912598e-01 1.224996075034141541e-01 6.340608596801757812e-01 4.906032085418701172e-01 1.958156526088714600e-01 3.783255815505981445e-01 3.363658785820007324e-01 1.131652891635894775e-01 4.660826027393341064e-01 3.615104258060455322e-01 6.268435716629028320e-01 6.114965677261352539e-01 4.819847643375396729e-01 5.459341406822204590e-01 6.338995695114135742e-01 5.955711007118225098e-01 7.124910950660705566e-01 6.151335239410400391e-01 6.512269377708435059e-01 5.728781223297119141e-01 6.174088716506958008e-01 5.048688650131225586e-01 5.798725485801696777e-01 4.394492805004119873e-01 4.587923586368560791e-01 5.097083449363708496e-01 -7.460597902536392212e-02 1.093536242842674255e-01 6.680654287338256836e-01 6.310080885887145996e-01 4.626455530524253845e-02 9.253375232219696045e-02 5.858445167541503906e-01 6.360800862312316895e-01 6.694630384445190430e-01 6.167256832122802734e-01 5.948383212089538574e-01 6.223876476287841797e-01 6.370247602462768555e-01 6.281002759933471680e-01 4.147609472274780273e-01 5.041519403457641602e-01 4.338151216506958008e-01 2.790393233299255371e-01 1.945491135120391846e-01 -1.688634394668042660e-03 2.637850046157836914e-01 1.504543572664260864e-01 5.719484090805053711e-01 6.044387817382812500e-01 2.305459678173065186e-01 1.626881957054138184e-01 3.338770568370819092e-01 1.294024884700775146e-01 5.516493916511535645e-01 5.167740583419799805e-01 5.459155440330505371e-01 5.350247025489807129e-01 3.398618996143341064e-01 5.155938863754272461e-01 6.031165122985839844e-01 6.348806023597717285e-01 6.597931981086730957e-01 6.692128181457519531e-01 4.045412838459014893e-01 5.269641876220703125e-01 5.596392750740051270e-01 5.855790376663208008e-01 6.621309518814086914e-01 6.904351115226745605e-01 4.142087101936340332e-01 4.364052712917327881e-01 4.723522365093231201e-01 3.872367441654205322e-01
4.489773213863372803e-01 6.075578331947326660e-01 6.319741606712341309e-01 7.438263297080993652e-01 7.629997730255126953e-01 1.000000000000000000e+00 3.571466803550720215e-01 6.580441594123840332e-01 5.857908129692077637e-01 7.102128267288208008e-01 6.364576220512390137e-01 6.316523551940917969e-01 7.502220869064331055e-01 7.356001138687133789e-01 4.843895733356475830e-01 5.807853341102600098e-01 2.895256876945495605e-01 2.759687900543212891e-01 6.226473450660705566e-01 6.767244338989257812e-01 4.316062629222869873e-01 3.752487152814865112e-02 5.139434933662414551e-01 2.024133205413818359e-01 5.063356161117553711e-01 5.204299688339233398e-01 1.551894992589950562e-01 4.111244082450866699e-01 3.355636596679687500e-01 9.339065849781036377e-02 3.989007472991943359e-01 3.612398207187652588e-01 7.068719267845153809e-01 6.937653422355651855e-01 5.659202933311462402e-01 6.584812402725219727e-01 6.953991651535034180e-01 6.909875869750976562e-01 7.389455437660217285e-01 7.683058977127075195e-01 5.854278206825256348e-01 7.494860291481018066e-01 5.465129613876342773e-01 5.732031464576721191e-01 6.458454132080078125e-01 5.417562723159790039e-01 4.960610568523406982e-01 5.315446853637695312e-01 -4.694872349500656128e-02 1.540440917015075684e-01 7.099585533142089844e-01 7.160927057266235352e-01 1.298919040709733963e-02 1.448244303464889526e-01 5.808594226837158203e-01 7.085019946098327637e-01 7.490202188491821289e-01 7.047971487045288086e-01 5.786350369453430176e-01 6.856635808944702148e-01 6.135619878768920898e-01 6.786912083625793457e-01 4.422793984413146973e-01 5.290664434432983398e-01 4.147232472896575928e-01 3.236520886421203613e-01 1.952456384897232056e-01 9.218887425959110260e-03 2.670948207378387451e-01 1.158278137445449829e-01 5.891607403755187988e-01 6.382181644439697266e-01 2.456965744495391846e-01 1.205474883317947388e-01 2.496159076690673828e-01 1.397090256214141846e-01 5.805141329765319824e-01 5.923306941986083984e-01 6.148043870925903320e-01 6.014304757118225098e-01 3.326464295387268066e-01 5.956485271453857422e-01 6.877554655075073242e-01 7.161111831665039062e-01 7.057063579559326172e-01 7.354164719581604004e-01 4.844173789024353027e-01 5.858222842216491699e-01 5.761670470237731934e-01 6.114949584007263184e-01 6.928249001502990723e-01 7.130877375602722168e-01 4.542540013790130615e-01 4.709222912788391113e-01 5.144760012626647949e-01 3.963963687419891357e-01
7.637657523155212402e-01 6.085976958274841309e-01 3.024019896984100342e-01 3.479373753070831299e-01 5.563880205154418945e-01 3.571466803550720215e-01 1.000000000000000000e+00 6.393424272537231445e-01 5.228488445281982422e-01 3.576353192329406738e-01 4.677509963512420654e-01 4.803921282291412354e-01 3.743352890014648438e-01 3.442178666591644287e-01 3.100531697273254395e-01 2.061650156974792480e-01 9.748611599206924438e-02 1.241272687911987305e-01 3.952587544918060303e-01 2.742605805397033691e-01 3.828374147415161133e-01 6.556701660156250000e-02 5.428311228752136230e-01 3.041110634803771973e-01 5.704030990600585938e-01 5.212364792823791504e-01 1.548822969198226929e-01 1.896990835666656494e-01 2.602423727512359619e-01 1.378175169229507446e-01 6.177517175674438477e-01 3.702504038810729980e-01 2.996209263801574707e-01 2.895421683788299561e-01 2.975262999534606934e-01 2.696675062179565430e-01 3.203677535057067871e-01 2.699036896228790283e-01 4.471243321895599365e-01 3.546065390110015869e-01 5.441567897796630859e-01 4.315807521343231201e-01 7.002197504043579102e-01 4.541269540786743164e-01 3.658908605575561523e-01 1.581392437219619751e-01 2.057403624057769775e-01 2.637197971343994141e-01 -1.379560232162475586e-01 1.675946265459060669e-01 3.092566132545471191e-01 3.092772364616394043e-01 4.877820611000061035e-02 4.642510786652565002e-03 3.187228739261627197e-01 4.343511760234832764e-01 3.113670051097869873e-01 3.319442868232727051e-01 4.905258715152740479e-01 4.263857603073120117e-01 4.654101729393005371e-01 3.859921693801879883e-01 1.280478686094284058e-01 1.626952439546585083e-01 4.362941086292266846e-01 1.917844861745834351e-01 2.161114364862442017e-01 -4.715158790349960327e-02 2.044001668691635132e-01 1.197965741157531738e-01 2.588315010070800781e-01 2.329386323690414429e-01 1.929743736982345581e-01 1.415522694587707520e-01 2.858801186084747314e-01 1.684654504060745239e-01 3.834434151649475098e-01 2.528270781040191650e-01 2.631464600563049316e-01 2.706708014011383057e-01 2.019304186105728149e-01 3.122252821922302246e-01 2.617582976818084717e-01 2.636263668537139893e-01 3.294354379177093506e-01 3.314701914787292480e-01 1.480011194944381714e-01 2.592671811580657959e-01 3.054014146327972412e-01 3.423665761947631836e-01 3.481298089027404785e-01 3.755921423435211182e-01 1.954471170902252197e-01 1.699679791927337646e-01 2.336835116147994995e-01 2.129273116588592529e-01
4.710127711296081543e-01 7.951500415802001953e-01 4.501397609710693359e-01 5.546092987060546875e-01 5.752786993980407715e-01 6.580441594123840332e-01 6.393424272537231445e-01 1.000000000000000000e+00 4.400911927223205566e-01 5.619640946388244629e-01 4.363078176975250244e-01 6.904845237731933594e-01 5.433133840560913086e-01 5.438223481178283691e-01 4.006782174110412598e-01 4.251975417137145996e-01 1.161587089300155640e-01 2.383794635534286499e-01 4.680021703243255615e-01 4.722452759742736816e-01 3.508807718753814697e-01 1.068747490644454956e-01 4.975786805152893066e-01 3.517860472202301025e-01 4.670000076293945312e-01 6.593403816223144531e-01 5.154906958341598511e-02 3.024201989173889160e-01 3.049928545951843262e-01 1.351095736026763916e-01 4.898999035358428955e-01 4.184684455394744873e-01 4.733065664768218994e-01 4.907484054565429688e-01 4.107791483402252197e-01 5.131845474243164062e-01 4.712030589580535889e-01 4.513418674468994141e-01 5.307753086090087891e-01 6.655615568161010742e-01 4.774055182933807373e-01 7.380923032760620117e-01 7.032331228256225586e-01 7.419748902320861816e-01 5.656245350837707520e-01 3.856925070285797119e-01 3.790645301342010498e-01 4.168498218059539795e-01 -7.987112551927566528e-02 3.010092675685882568e-01 5.077984333038330078e-01 5.237258076667785645e-01 6.638742238283157349e-02 5.681693926453590393e-02 4.140391945838928223e-01 6.589376926422119141e-01 5.139440298080444336e-01 5.302214026451110840e-01 5.336322188377380371e-01 6.342883110046386719e-01 6.178172230720520020e-01 6.817038655281066895e-01 2.336717396974563599e-01 2.977969944477081299e-01 3.562011718750000000e-01 2.976503968238830566e-01 2.164248377084732056e-01 3.469129651784896851e-02 3.215238749980926514e-01 2.000822275876998901e-01 4.248136281967163086e-01 4.577439129352569580e-01 2.855805456638336182e-01 1.015005484223365784e-01 2.871243953704833984e-01 2.402265220880508423e-01 5.782763361930847168e-01 5.386786460876464844e-01 5.048572421073913574e-01 5.110657811164855957e-01 2.471461147069931030e-01 5.189502239227294922e-01 4.479039013385772705e-01 4.937630891799926758e-01 5.056504011154174805e-01 5.439960956573486328e-01 3.222639262676239014e-01 4.374333322048187256e-01 4.104653298854827881e-01 4.617499709129333496e-01 4.935052096843719482e-01 5.435425043106079102e-01 3.424565196037292480e-01 3.118262290954589844e-01 3.871839642524719238e-01 3.588480949401855469e-01
6.390102505683898926e-01 4.310131669044494629e-01 3.683183193206787109e-01 5.379079580307006836e-01 7.015879154205322266e-01 5.857908129692077637e-01 5.228488445281982422e-01 4.400911927223205566e-01 1.000000000000000000e+00 5.935876965522766113e-01 6.701584458351135254e-01 4.466231167316436768e-01 5.953833460807800293e-01 5.676562190055847168e-01 5.408466458320617676e-01 5.499894618988037109e-01 4.652481079101562500e-01 2.920996248722076416e-01 7.436605691909790039e-01 6.805163025856018066e-01 5.986264944076538086e-01 1.686746031045913696e-01 7.233543395996093750e-01 2.506425678730010986e-01 8.108673691749572754e-01 5.993543863296508789e-01 3.419820666313171387e-01 3.499874770641326904e-01 2.729175090789794922e-01 1.034520789980888367e-01 5.061287283897399902e-01 4.142927825450897217e-01 5.536422729492187500e-01 5.421610474586486816e-01 4.424358308315277100e-01 4.497680068016052246e-01 4.691225588321685791e-01 5.099235773086547852e-01 6.190099120140075684e-01 4.662485122680664062e-01 7.731353044509887695e-01 5.342115759849548340e-01 5.715055465698242188e-01 4.447736740112304688e-01 5.700675249099731445e-01 5.052311420440673828e-01 2.648424506187438965e-01 3.356884121894836426e-01 3.518538549542427063e-02 1.203106194734573364e-01 5.331400632858276367e-01 4.955540001392364502e-01 4.771968349814414978e-02 7.786620408296585083e-02 2.889844775199890137e-01 3.623687028884887695e-01 4.811981916427612305e-01 4.272774755954742432e-01 4.560272097587585449e-01 4.228848814964294434e-01 4.041930735111236572e-01 3.791176974773406982e-01 3.450528979301452637e-01 3.966604471206665039e-01 4.846047759056091309e-01 2.823369503021240234e-01 1.381137967109680176e-01 -7.719176821410655975e-03 2.069953978061676025e-01 1.354172378778457642e-01 4.561630487442016602e-01 4.676248431205749512e-01 2.299539148807525635e-01 1.567385047674179077e-01 3.532730340957641602e-01 2.112237215042114258e-01 5.032104849815368652e-01 4.742700457572937012e-01 4.671468436717987061e-01 4.921584427356719971e-01 1.531904935836791992e-01 3.578059673309326172e-01 4.658624529838562012e-01 4.968588650226593018e-01 5.595009922981262207e-01 5.578028559684753418e-01 2.353373765945434570e-01 4.026208817958831787e-01 4.357833564281463623e-01 4.536288380622863770e-01 5.192353129386901855e-01 5.752438902854919434e-01 2.603900134563446045e-01 3.060086369514465332e-01 4.114127457141876221e-01 2.866668999195098877e-01
4.509484171867370605e-01 5.585239529609680176e-01 4.856112897396087646e-01 5.697168707847595215e-01 5.963913202285766602e-01 7.102128267288208008e-01 3.576353192329406738e-01 5.619640946388244629e-01 5.935876965522766113e-01 1.000000000000000000e+00 6.049690246582031250e-01 5.438949465751647949e-01 5.441179871559143066e-01 5.309502482414245605e-01 4.221415519714355469e-01 5.246613621711730957e-01 3.072996437549591064e-01 2.498797774314880371e-01 5.419858098030090332e-01 5.944686532020568848e-01 4.093937575817108154e-01 1.163036599755287170e-01 5.118511915206909180e-01 3.251758217811584473e-01 5.305421948432922363e-01 5.388451218605041504e-01 2.014270573854446411e-01 3.329463303089141846e-01 2.330199629068374634e-01 8.982684463262557983e-02 3.654316663742065430e-01 2.979071438312530518e-01 5.100266933441162109e-01 4.926420450210571289e-01 3.981429040431976318e-01 4.397230446338653564e-01 5.291520953178405762e-01 5.027751326560974121e-01 6.619629859924316406e-01 6.272782087326049805e-01 5.982335209846496582e-01 6.916757225990295410e-01 4.483261108398437500e-01 4.276591539382934570e-01 5.223880410194396973e-01 4.199387729167938232e-01 2.957976758480072021e-01 3.169661164283752441e-01 -2.082490921020507812e-02 1.117115765810012817e-01 5.281724929809570312e-01 5.056838393211364746e-01 -1.729110255837440491e-02 1.111080050468444824e-01 3.902571797370910645e-01 5.281760692596435547e-01 5.557971000671386719e-01 5.210688710212707520e-01 4.270525276660919189e-01 4.811936318874359131e-01 3.932780623435974121e-01 4.256863594055175781e-01 2.458462864160537720e-01 3.197009563446044922e-01 4.280128777027130127e-01 3.238859176635742188e-01 1.244549080729484558e-01 -2.755836583673954010e-02 1.714845597743988037e-01 1.031482517719268799e-01 3.713281750679016113e-01 3.941789269447326660e-01 2.231894284486770630e-01 1.108956038951873779e-01 2.129821926355361938e-01 1.513961553573608398e-01 4.540222585201263428e-01 4.313050806522369385e-01 4.216376841068267822e-01 4.142962396144866943e-01 2.677567601203918457e-01 5.202468633651733398e-01 5.039623379707336426e-01 5.238776803016662598e-01 5.277640223503112793e-01 5.327441096305847168e-01 3.569947183132171631e-01 4.418622255325317383e-01 4.220196008682250977e-01 4.663707315921783447e-01 4.836906492710113525e-01 5.335193872451782227e-01 2.625333368778228760e-01 2.857765257358551025e-01 3.581689298152923584e-01 2.844001054763793945e-01
5.534158945083618164e-01 4.256539940834045410e-01 5.371212959289550781e-01 6.032630801200866699e-01 6.722812056541442871e-01 6.364576220512390137e-01 4.677509963512420654e-01 4.363078176975250244e-01 6.701584458351135254e-01 6.049690246582031250e-01 1.000000000000000000e+00 5.354005694389343262e-01 6.355074048042297363e-01 5.945808291435241699e-01 4.496194720268249512e-01 4.375441074371337891e-01 3.505944907665252686e-01 1.897701323032379150e-01 5.691697597503662109e-01 5.486409068107604980e-01 4.271087050437927246e-01 2.380004525184631348e-02 4.861648380756378174e-01 1.356527209281921387e-01 5.667936205863952637e-01 4.730443358421325684e-01 2.504309117794036865e-01 3.565392494201660156e-01 2.661049962043762207e-01 5.261048674583435059e-02 4.716987311840057373e-01 3.658238649368286133e-01 5.977872014045715332e-01 5.487082004547119141e-01 5.094403624534606934e-01 4.932984709739685059e-01 6.375194191932678223e-01 5.778512954711914062e-01 7.331187725067138672e-01 6.188048124313354492e-01 5.666880607604980469e-01 5.335436463356018066e-01 4.729095697402954102e-01 3.698614835739135742e-01 5.549122691154479980e-01 4.391660988330841064e-01 3.457596004009246826e-01 3.793912529945373535e-01 -7.995271682739257812e-02 -1.779884216375648975e-03 5.774537324905395508e-01 5.663395524024963379e-01 -1.222979836165904999e-02 4.111531376838684082e-02 3.845246732234954834e-01 4.443181455135345459e-01 5.588354468345642090e-01 5.017200708389282227e-01 3.854063749313354492e-01 4.384647309780120850e-01 3.655812442302703857e-01 3.798332214355468750e-01 3.457577228546142578e-01 3.866745531558990479e-01 4.107864499092102051e-01 2.704630196094512939e-01 1.416149884462356567e-01 3.544238395988941193e-03 9.943033009767532349e-02 8.766764402389526367e-02 4.301831722259521484e-01 4.330728352069854736e-01 2.097959965467453003e-01 1.542799323797225952e-01 2.746647000312805176e-01 1.206347346305847168e-01 4.340194165706634521e-01 4.026581048965454102e-01 4.606454968452453613e-01 4.477514624595642090e-01 3.359372913837432861e-01 4.968539774417877197e-01 5.963344573974609375e-01 5.841867327690124512e-01 5.698578357696533203e-01 5.824662446975708008e-01 3.720637559890747070e-01 4.611356258392333984e-01 4.748048484325408936e-01 4.643481075763702393e-01 5.586724281311035156e-01 5.648554563522338867e-01 3.241238594055175781e-01 3.459839224815368652e-01 4.291826486587524414e-01 3.258853256702423096e-01
4.042574465274810791e-01 6.167883276939392090e-01 5.589734315872192383e-01 6.487193703651428223e-01 5.705838799476623535e-01 6.316523551940917969e-01 4.803921282291412354e-01 6.904845237731933594e-01 4.466231167316436768e-01 5.438949465751647949e-01 5.354005694389343262e-01 1.000000000000000000e+00 6.133349537849426270e-01 6.172525286674499512e-01 3.568227291107177734e-01 3.825308382511138916e-01 1.520213931798934937e-01 1.782085299491882324e-01 4.326104819774627686e-01 4.348306357860565186e-01 3.083893954753875732e-01 1.291478797793388367e-02 3.940889835357666016e-01 1.832761615514755249e-01 3.854347467422485352e-01 4.628142416477203369e-01 4.942797496914863586e-02 3.011175692081451416e-01 3.284389674663543701e-01 6.490088254213333130e-02 4.332329332828521729e-01 3.703073859214782715e-01 5.599732398986816406e-01 5.405268073081970215e-01 5.139278173446655273e-01 5.226784348487854004e-01 5.836369395256042480e-01 5.586501359939575195e-01 5.635788440704345703e-01 6.866565942764282227e-01 4.012820422649383545e-01 5.740260481834411621e-01 5.661502480506896973e-01 5.813848376274108887e-01 5.324367880821228027e-01 3.578498065471649170e-01 3.987776041030883789e-01 4.196089804172515869e-01 -8.611757308244705200e-02 1.653988808393478394e-01 5.825637578964233398e-01 6.043122410774230957e-01 8.307220414280891418e-03 6.631593406200408936e-02 4.311024844646453857e-01 6.283271312713623047e-01 5.888801813125610352e-01 5.591134428977966309e-01 4.397779703140258789e-01 5.601033568382263184e-01 4.800394773483276367e-01 5.481699705123901367e-01 2.937357425689697266e-01 3.504620194435119629e-01 3.569517731666564941e-01 3.096968829631805420e-01 1.683953404426574707e-01 1.793421618640422821e-02 2.425281554460525513e-01 1.494048237800598145e-01 4.438979923725128174e-01 4.524002075195312500e-01 2.315738201141357422e-01 8.051262795925140381e-02 2.118661999702453613e-01 1.491341739892959595e-01 4.890650212764739990e-01 4.398392736911773682e-01 5.076129436492919922e-01 4.896641075611114502e-01 3.699648380279541016e-01 5.693678855895996094e-01 5.763862729072570801e-01 5.949503183364868164e-01 5.403615236282348633e-01 5.618924498558044434e-01 3.688800930976867676e-01 5.033347010612487793e-01 4.385628998279571533e-01 4.740175306797027588e-01 5.099884867668151855e-01 5.309540033340454102e-01 3.643959462642669678e-01 3.427343368530273438e-01 4.479010701179504395e-01 4.008049666881561279e-01
4.330987930297851562e-01 4.556219875812530518e-01 6.805226802825927734e-01 8.129443526268005371e-01 6.940730214118957520e-01 7.502220869064331055e-01 3.743352890014648438e-01 5.433133840560913086e-01 5.953833460807800293e-01 5.441179871559143066e-01 6.355074048042297363e-01 6.133349537849426270e-01 1.000000000000000000e+00 9.528858661651611328e-01 4.902104437351226807e-01 5.432536602020263672e-01 3.443117737770080566e-01 2.594276368618011475e-01 6.969282031059265137e-01 6.840286850929260254e-01 4.264008104801177979e-01 2.468272112309932709e-02 4.955961406230926514e-01 5.546110216528177261e-03 5.162197351455688477e-01 4.988344907760620117e-01 1.212228611111640930e-01 3.566632270812988281e-01 3.413195908069610596e-01 7.682439684867858887e-02 4.654411077499389648e-01 4.173777103424072266e-01 9.473313093185424805e-01 9.315302968025207520e-01 7.588359713554382324e-01 7.907568216323852539e-01 8.149262666702270508e-01 8.384838700294494629e-01 6.817297339439392090e-01 6.828600764274597168e-01 4.797318875789642334e-01 5.575879812240600586e-01 5.750870704650878906e-01 5.996641516685485840e-01 7.469494938850402832e-01 6.665601730346679688e-01 5.781521201133728027e-01 6.406624317169189453e-01 1.375215314328670502e-02 1.895964145660400391e-01 8.833284378051757812e-01 9.002134203910827637e-01 -2.576013840734958649e-02 9.595836699008941650e-02 5.024729371070861816e-01 5.946070551872253418e-01 7.838443517684936523e-01 7.223295569419860840e-01 5.703076720237731934e-01 7.007095813751220703e-01 6.268332004547119141e-01 7.076788544654846191e-01 5.225672721862792969e-01 6.161334514617919922e-01 4.005247056484222412e-01 3.015868961811065674e-01 1.869415342807769775e-01 8.821846544742584229e-02 2.514007091522216797e-01 1.672842055559158325e-01 7.195864915847778320e-01 7.566026449203491211e-01 2.551317512989044189e-01 8.077169209718704224e-02 2.925225496292114258e-01 2.057579457759857178e-01 6.630973815917968750e-01 6.996526718139648438e-01 7.391590476036071777e-01 7.437436580657958984e-01 3.017560839653015137e-01 4.660322666168212891e-01 8.156433701515197754e-01 8.567171096801757812e-01 8.923751711845397949e-01 8.917895555496215820e-01 5.245913863182067871e-01 6.792652010917663574e-01 6.996517181396484375e-01 6.896401047706604004e-01 8.201652765274047852e-01 8.357326984405517578e-01 5.186052322387695312e-01 5.446042418479919434e-01 5.867894291877746582e-01 4.666276872158050537e-01
3.986336588859558105e-01 4.419898390769958496e-01 6.722857952117919922e-01 8.235665559768676758e-01 6.668289899826049805e-01 7.356001138687133789e-01 3.442178666591644287e-01 5.438223481178283691e-01 5.676562190055847168e-01 5.309502482414245605e-01 5.945808291435241699e-01 6.172525286674499512e-01 9.528858661651611328e-01 1.000000000000000000e+00 4.617261886596679688e-01 5.239445567131042480e-01 3.138384222984313965e-01 2.402783036231994629e-01 6.671965718269348145e-01 6.572873592376708984e-01 3.870204389095306396e-01 -5.343978991732001305e-04 4.553796052932739258e-01 -5.247761495411396027e-03 4.828743040561676025e-01 4.693918228149414062e-01 8.411026746034622192e-02 3.363060355186462402e-01 3.306431174278259277e-01 4.671479016542434692e-02 4.148207008838653564e-01 3.584461808204650879e-01 9.188000559806823730e-01 9.426444172859191895e-01 7.001420855522155762e-01 7.716430425643920898e-01 7.791641354560852051e-01 8.279129266738891602e-01 6.418859958648681641e-01 6.653478741645812988e-01 4.551188945770263672e-01 5.445829033851623535e-01 5.234366059303283691e-01 5.685593485832214355e-01 6.920571923255920410e-01 6.195943951606750488e-01 5.659305453300476074e-01 6.169137954711914062e-01 3.646392002701759338e-02 1.948940306901931763e-01 8.698948025703430176e-01 9.255518913269042969e-01 -1.901314593851566315e-02 1.021960452198982239e-01 5.246343612670898438e-01 6.226898431777954102e-01 7.860843539237976074e-01 7.330495715141296387e-01 5.742062926292419434e-01 6.996158361434936523e-01 6.101362705230712891e-01 6.963474750518798828e-01 5.173004865646362305e-01 6.034340858459472656e-01 4.017076194286346436e-01 2.976636290550231934e-01 1.737932115793228149e-01 8.302091807126998901e-02 2.568534910678863525e-01 1.687389761209487915e-01 6.966201663017272949e-01 7.347835302352905273e-01 2.455402910709381104e-01 5.673555284738540649e-02 2.506852447986602783e-01 1.889881193637847900e-01 6.241375803947448730e-01 6.595008969306945801e-01 6.953491568565368652e-01 6.975480914115905762e-01 3.170604407787322998e-01 4.833040833473205566e-01 8.030450940132141113e-01 8.756186962127685547e-01 8.943036794662475586e-01 9.031003713607788086e-01 5.148541331291198730e-01 6.976928710937500000e-01 6.922731399536132812e-01 6.943338513374328613e-01 8.103801012039184570e-01 8.327502608299255371e-01 5.161184072494506836e-01 5.281402468681335449e-01 5.534443259239196777e-01 4.510971009731292725e-01
4.301588535308837891e-01 3.910176157951354980e-01 3.693312406539916992e-01 4.451075792312622070e-01 4.799748063087463379e-01 4.843895733356475830e-01 3.100531697273254395e-01 4.006782174110412598e-01 5.408466458320617676e-01 4.221415519714355469e-01 4.496194720268249512e-01 3.568227291107177734e-01 4.902104437351226807e-01 4.617261886596679688e-01 1.000000000000000000e+00 5.825560092926025391e-01 4.134689569473266602e-01 3.106022179126739502e-01 6.232445836067199707e-01 6.131522655487060547e-01 5.142853260040283203e-01 2.305695414543151855e-01 6.012589335441589355e-01 2.143288105726242065e-01 5.505731701850891113e-01 5.540259480476379395e-01 2.574725747108459473e-01 3.479146361351013184e-01 2.326117008924484253e-01 1.015164479613304138e-01 4.180027842521667480e-01 3.968401253223419189e-01 5.028262138366699219e-01 4.857704937458038330e-01 4.424193203449249268e-01 4.799702763557434082e-01 4.108189940452575684e-01 4.728064239025115967e-01 4.745708405971527100e-01 4.709083139896392822e-01 5.355280637741088867e-01 5.069488286972045898e-01 4.657341539859771729e-01 4.835171997547149658e-01 5.433945059776306152e-01 5.282112360000610352e-01 3.241909742355346680e-01 3.485089540481567383e-01 9.052910655736923218e-02 2.035222351551055908e-01 4.532970786094665527e-01 3.994902670383453369e-01 2.525378204882144928e-02 1.168013885617256165e-01 2.628356814384460449e-01 3.449428081512451172e-01 4.400272667407989502e-01 3.990306854248046875e-01 4.572085738182067871e-01 4.485609829425811768e-01 4.214205741882324219e-01 4.316600859165191650e-01 3.585983216762542725e-01 4.149341285228729248e-01 3.381918668746948242e-01 2.267961949110031128e-01 1.918676644563674927e-01 1.473154127597808838e-01 2.102500349283218384e-01 1.336533427238464355e-01 4.785820543766021729e-01 4.868673980236053467e-01 2.983151078224182129e-01 1.697808355093002319e-01 3.032947480678558350e-01 2.209131419658660889e-01 4.854199886322021484e-01 5.170966982841491699e-01 4.619568288326263428e-01 4.991488754749298096e-01 1.025140061974525452e-01 2.661198973655700684e-01 4.215799868106842041e-01 4.441027045249938965e-01 4.743958413600921631e-01 4.699425995349884033e-01 2.668679654598236084e-01 3.473608493804931641e-01 3.816363513469696045e-01 3.863182365894317627e-01 4.384024143218994141e-01 5.053390264511108398e-01 3.059903383255004883e-01 3.329988420009613037e-01 3.773079216480255127e-01 2.500388324260711670e-01
3.620133996009826660e-01 4.435423314571380615e-01 3.698970675468444824e-01 4.764745235443115234e-01 4.878892004489898682e-01 5.807853341102600098e-01 2.061650156974792480e-01 4.251975417137145996e-01 5.499894618988037109e-01 5.246613621711730957e-01 4.375441074371337891e-01 3.825308382511138916e-01 5.432536602020263672e-01 5.239445567131042480e-01 5.825560092926025391e-01 1.000000000000000000e+00 4.698056578636169434e-01 4.226242303848266602e-01 6.758983731269836426e-01 7.317699193954467773e-01 4.868593513965606689e-01 3.064226210117340088e-01 5.700916647911071777e-01 2.770885527133941650e-01 5.586364865303039551e-01 5.909400582313537598e-01 2.546677589416503906e-01 4.289099574089050293e-01 2.234601825475692749e-01 8.727730065584182739e-02 3.566321134567260742e-01 4.349974989891052246e-01 5.692535042762756348e-01 5.622894167900085449e-01 4.883703589439392090e-01 5.450038313865661621e-01 4.448639154434204102e-01 5.442858338356018066e-01 4.837633669376373291e-01 5.249122977256774902e-01 5.573940873146057129e-01 5.529828667640686035e-01 4.548416733741760254e-01 5.270555615425109863e-01 5.915797948837280273e-01 6.205060482025146484e-01 2.950241863727569580e-01 3.121898472309112549e-01 1.233845204114913940e-01 2.650883793830871582e-01 5.167605280876159668e-01 4.694275259971618652e-01 2.816503308713436127e-02 1.200469359755516052e-01 2.235503196716308594e-01 3.339985013008117676e-01 4.379475414752960205e-01 4.168938696384429932e-01 4.017263054847717285e-01 4.534820020198822021e-01 4.125043153762817383e-01 4.537333250045776367e-01 3.612234294414520264e-01 4.223028421401977539e-01 3.197877407073974609e-01 2.517447173595428467e-01 1.589580029249191284e-01 9.053610265254974365e-02 2.647566199302673340e-01 1.615816056728363037e-01 4.769705235958099365e-01 5.152273774147033691e-01 2.367175966501235962e-01 1.356296986341476440e-01 2.468772083520889282e-01 2.363472431898117065e-01 5.314446687698364258e-01 5.980917811393737793e-01 4.946758151054382324e-01 5.566104650497436523e-01 2.821259200572967529e-03 2.577399313449859619e-01 4.515788853168487549e-01 5.108973979949951172e-01 5.196353793144226074e-01 5.256931185722351074e-01 2.965146899223327637e-01 4.124257862567901611e-01 4.067510962486267090e-01 3.972136080265045166e-01 4.739633202552795410e-01 5.427912473678588867e-01 2.776485085487365723e-01 3.317830860614776611e-01 3.773075640201568604e-01 2.405660152435302734e-01
