1.000000000000000000e+00 5.949044227600097656e-01 1.257605999708175659e-01 3.006874769926071167e-02 6.180701851844787598e-01 3.239639699459075928e-01 7.873045206069946289e-01 5.139524936676025391e-01 4.506312906742095947e-01 1.729545593261718750e-01 4.401199817657470703e-01 1.121334657073020935e-01 3.640345335006713867e-01 3.550659418106079102e-01 3.411587178707122803e-01 3.783763647079467773e-01 2.204338312149047852e-01 1.363512426614761353e-01 3.115624785423278809e-01 1.529302895069122314e-01 3.938099145889282227e-01 2.996216118335723877e-01 5.817803144454956055e-01 3.711093366146087646e-01 5.317847132682800293e-01 4.486074149608612061e-01 4.002522230148315430e-01 3.326199352741241455e-01 2.983756065368652344e-01 2.604408562183380127e-01 4.506812393665313721e-01 3.164220452308654785e-01 3.195390403270721436e-01 3.472864031791687012e-01 3.843602836132049561e-01 4.490326046943664551e-01 2.539178133010864258e-01 1.442929059267044067e-01 5.733607411384582520e-01 3.770378828048706055e-01 6.522418260574340820e-01 3.573068380355834961e-01 5.736176371574401855e-01 4.345303475856781006e-01 3.733661770820617676e-01 3.503369390964508057e-01 2.332452535629272461e-01 1.946300119161605835e-01 4.454422742128372192e-02 -3.339875862002372742e-02 2.702728807926177979e-01 1.746140569448471069e-01 1.174933016300201416e-01 -5.925011262297630310e-02 4.842052757740020752e-01 2.189996093511581421e-01 3.575789034366607666e-01 3.815318644046783447e-01 6.192814707756042480e-01 4.702534675598144531e-01 5.659778118133544922e-01 4.741161465644836426e-01 2.447506338357925415e-01 2.205732166767120361e-01 4.341878890991210938e-01 4.012266919016838074e-02 1.777638196945190430e-01 -4.697243869304656982e-02 2.407295256853103638e-01 1.747439503669738770e-01 3.947089016437530518e-01 2.541902661323547363e-01 1.230497285723686218e-01 4.729436710476875305e-02 8.601966500282287598e-02 1.381218880414962769e-01 2.319229990243911743e-01 1.090866997838020325e-01 3.984884321689605713e-01 2.789200246334075928e-01 1.080347299575805664e-01 3.333576256409287453e-03 1.404573023319244385e-01 1.452048271894454956e-01 2.650109827518463135e-01 1.005165502429008484e-01 8.883100748062133789e-02 8.938410878181457520e-02 1.703472137451171875e-01 1.738303899765014648e-02 1.507678031921386719e-01 1.052503064274787903e-01 2.927595376968383789e-01 1.759967356920242310e-01 3.508213460445404053e-01 3.360135555267333984e-01
5.949044227600097656e-01 1.000000000000000000e+00 1.070588305592536926e-01 6.907448172569274902e-02 3.607487380504608154e-01 4.803527891635894775e-01 5.589649677276611328e-01 7.754637598991394043e-01 1.984218209981918335e-01 4.416336715221405029e-01 2.118760347366333008e-01 4.104575216770172119e-01 2.127999663352966309e-01 2.482176572084426880e-01 1.478116214275360107e-01 3.594242334365844727e-01 4.806790500879287720e-02 3.627891838550567627e-02 1.012133508920669556e-01 1.981975436210632324e-01 1.903771460056304932e-01 3.408381044864654541e-01 4.638219177722930908e-01 5.930811762809753418e-01 4.528904259204864502e-01 6.302754282951354980e-01 3.469037115573883057e-01 4.579803645610809326e-01 2.717471718788146973e-01 4.762558937072753906e-01 2.683260738849639893e-01 3.401800394058227539e-01 1.768129914999008179e-01 1.399186700582504272e-01 2.202536910772323608e-01 3.508610129356384277e-01 2.171944826841354370e-01 6.805152446031570435e-02 5.427226424217224121e-01 6.079149246215820312e-01 5.298177003860473633e-01 6.559250950813293457e-01 4.120630919933319092e-01 4.488071799278259277e-01 2.557613253593444824e-01 1.941851675510406494e-01 2.637823522090911865e-01 2.227703630924224854e-01 1.536918431520462036e-02 5.236973986029624939e-02 1.164446398615837097e-01 1.268616318702697754e-01 9.325852990150451660e-02 -6.103800982236862183e-02 4.043069481849670410e-01 4.917634129524230957e-01 3.134983777999877930e-01 3.764760792255401611e-01 6.120781898498535156e-01 5.960124731063842773e-01 4.755445420742034912e-01 4.936968684196472168e-01 1.506073772907257080e-01 1.293469518423080444e-01 3.253477811813354492e-01 1.758474260568618774e-01 1.722473353147506714e-01 6.683233077637851238e-04 2.110672146081924438e-01 1.630463302135467529e-01 3.417139351367950439e-01 2.293928414583206177e-01 9.609773010015487671e-02 5.356983840465545654e-02 4.746921360492706299e-02 1.005562990903854370e-01 1.762153357267379761e-01 7.403631508350372314e-02 3.545858263969421387e-01 2.119422256946563721e-01 -8.115700632333755493e-02 2.328407578170299530e-02 6.786869466304779053e-02 3.793861344456672668e-02 1.763848811388015747e-01 -5.462893098592758179e-02 5.563150160014629364e-03 8.493804186582565308e-02 1.008913367986679077e-01 -5.036334693431854248e-02 1.009702757000923157e-01 4.759220778942108154e-02 2.499687671661376953e-01 1.089562773704528809e-01 3.474246561527252197e-01 3.051674664020538330e-01
1.257605999708175659e-01 1.070588305592536926e-01 1.000000000000000000e+00 4.299223721027374268e-01 3.668903559446334839e-02 -1.195526123046875000e-02 2.865703403949737549e-02 2.642088010907173157e-02 1.801135390996932983e-01 3.422567844390869141e-01 2.903771400451660156e-01 3.149463534355163574e-01 3.268150985240936279e-01 3.580898940563201904e-01 1.515989601612091064e-01 2.520314753055572510e-01 1.379503775388002396e-02 -4.491924121975898743e-02 9.639128297567367554e-02 3.295527994632720947e-01 -1.002407073974609375e-01 -1.344029009342193604e-01 -3.146908059716224670e-02 -3.424017876386642456e-02 1.580508947372436523e-01 1.468558311462402344e-01 1.070480942726135254e-01 2.019989341497421265e-01 7.242602109909057617e-02 1.246873587369918823e-01 1.936315894126892090e-01 2.522011995315551758e-01 3.534417450428009033e-01 2.437266856431961060e-01 3.039833009243011475e-01 2.582530081272125244e-01 5.602968931198120117e-01 4.911666214466094971e-01 3.701440095901489258e-01 3.679648935794830322e-01 -4.946690052747726440e-02 -6.792527437210083008e-02 2.128688842058181763e-01 3.336373865604400635e-01 3.712174594402313232e-01 3.380113244056701660e-01 2.813247740268707275e-01 3.519124984741210938e-01 -1.551086604595184326e-01 -1.557062864303588867e-01 3.458074331283569336e-01 4.042548239231109619e-01 6.193963810801506042e-02 7.286772876977920532e-02 2.223355919122695923e-01 2.728610038757324219e-01 4.624113440513610840e-01 3.792469501495361328e-01 1.448358595371246338e-01 2.013342678546905518e-01 6.146632134914398193e-02 2.172842323780059814e-01 3.640721142292022705e-01 3.928322196006774902e-01 2.089533209800720215e-01 2.421372532844543457e-01 1.162601709365844727e-01 2.270639687776565552e-02 1.579664498567581177e-01 8.531024307012557983e-02 3.358404338359832764e-01 3.599935472011566162e-01 2.028458714485168457e-01 6.511701643466949463e-02 2.118590287864208221e-02 4.891221970319747925e-02 3.223889768123626709e-01 2.873943150043487549e-01 3.312133550643920898e-01 3.197140991687774658e-01 3.699705600738525391e-01 3.080106377601623535e-01 5.210767388343811035e-01 5.116123557090759277e-01 4.291713535785675049e-01 2.794535756111145020e-01 4.740512669086456299e-01 4.371762573719024658e-01 3.621804118156433105e-01 2.775107324123382568e-01 3.343774080276489258e-01 3.556165993213653564e-01 3.152555823326110840e-01 2.812741696834564209e-01 2.207438498735427856e-01 1.117962375283241272e-01
3.006874769926071167e-02 6.907448172569274902e-02 4.299223721027374268e-01 1.000000000000000000e+00 -5.061429925262928009e-03 4.020991921424865723e-02 1.172963529825210571e-02 7.991240918636322021e-02 1.385166794061660767e-01 2.970201671123504639e-01 2.057753205299377441e-01 3.367547392845153809e-01 2.078530341386795044e-01 2.728415429592132568e-01 8.107157051563262939e-02 1.618082970380783081e-01 4.657783359289169312e-02 2.794294804334640503e-02 6.891146302223205566e-02 2.820580899715423584e-01 -1.048901751637458801e-01 -1.222734674811363220e-01 -8.079542964696884155e-02 -4.482103139162063599e-02 7.914406806230545044e-02 1.027469336986541748e-01 -5.077704787254333496e-02 8.093995600938796997e-02 4.151168465614318848e-02 5.816718563437461853e-02 7.126334309577941895e-02 1.380264312028884888e-01 2.301115393638610840e-01 1.778041422367095947e-01 1.945932060480117798e-01 1.679484099149703979e-01 3.860807120800018311e-01 4.009476304054260254e-01 2.452417463064193726e-01 2.972882688045501709e-01 -4.981911927461624146e-02 7.764571812003850937e-03 9.332615882158279419e-02 2.156178653240203857e-01 1.860978454351425171e-01 1.775685995817184448e-01 2.175471633672714233e-01 2.370447665452957153e-01 -1.058765500783920288e-01 -1.068712398409843445e-01 2.658529281616210938e-01 3.104493916034698486e-01 6.584939360618591309e-02 4.501187801361083984e-02 1.435901969671249390e-01 2.481748312711715698e-01 3.185252249240875244e-01 2.579409778118133545e-01 4.192635044455528259e-02 9.064490348100662231e-02 1.489783916622400284e-02 1.394824981689453125e-01 2.388034164905548096e-01 2.429002821445465088e-01 1.221306696534156799e-01 2.055635899305343628e-01 3.753941878676414490e-02 -5.559509992599487305e-02 1.675538569688796997e-01 6.132061406970024109e-02 2.070588022470474243e-01 2.123246788978576660e-01 8.316674083471298218e-02 2.003217861056327820e-02 -2.784568816423416138e-02 -3.433326259255409241e-03 1.864962875843048096e-01 1.762798577547073364e-01 1.547856330871582031e-01 1.763096898794174194e-01 3.154745101928710938e-01 3.147743046283721924e-01 3.941419124603271484e-01 4.753636121749877930e-01 3.375332355499267578e-01 2.867891192436218262e-01 3.474345207214355469e-01 3.921537995338439941e-01 2.954819500446319580e-01 2.926983833312988281e-01 2.483002096414566040e-01 3.330039978027343750e-01 2.203924655914306641e-01 2.174048572778701782e-01 1.066493913531303406e-01 7.761820405721664429e-02
6.180701851844787598e-01 3.607487380504608154e-01 3.668903559446334839e-02 -5.061429925262928009e-03 1.000000000000000000e+00 5.384872555732727051e-01 5.818580389022827148e-01 3.809924721717834473e-01 4.666528999805450439e-01 4.988309368491172791e-02 4.355675876140594482e-01 4.880296066403388977e-02 5.327565670013427734e-01 5.095906853675842285e-01 4.648801088333129883e-01 4.766892194747924805e-01 3.781968355178833008e-01 3.394267559051513672e-01 4.768247008323669434e-01 2.717031538486480713e-01 5.051068067550659180e-01 3.707412779331207275e-01 4.717369675636291504e-01 2.109311968088150024e-01 4.404495954513549805e-01 2.847095727920532227e-01 3.622864186763763428e-01 2.236805111169815063e-01 2.134916931390762329e-01 1.476919203996658325e-01 3.619942665100097656e-01 2.411067336797714233e-01 4.234865903854370117e-01 4.972182512283325195e-01 4.301302433013916016e-01 4.560933113098144531e-01 2.066015750169754028e-01 1.531878709793090820e-01 3.883322179317474365e-01 2.109467387199401855e-01 4.934244751930236816e-01 1.608135253190994263e-01 5.924522280693054199e-01 4.918633401393890381e-01 4.076334536075592041e-01 4.028958380222320557e-01 2.704659104347229004e-01 2.083192169666290283e-01 1.082374453544616699e-01 6.535185128450393677e-02 4.417641162872314453e-01 2.299546152353286743e-01 1.743968874216079712e-01 -2.079288475215435028e-02 4.305194318294525146e-01 4.156177118420600891e-02 2.363524883985519409e-01 2.080532908439636230e-01 3.999534249305725098e-01 2.540848851203918457e-01 4.495657682418823242e-01 4.236273467540740967e-01 2.905752062797546387e-01 2.770638465881347656e-01 4.873825013637542725e-01 5.074161291122436523e-02 1.780659258365631104e-01 3.315166756510734558e-02 3.193779885768890381e-01 2.012527585029602051e-01 3.926858603954315186e-01 2.857268452644348145e-01 5.719906464219093323e-02 5.870883166790008545e-02 1.835557222366333008e-01 2.136097699403762817e-01 3.392657041549682617e-01 2.459620535373687744e-01 3.352625668048858643e-01 3.218543529510498047e-01 1.988233774900436401e-01 -1.741192117333412170e-02 1.975350081920623779e-01 2.054666429758071899e-01 2.945198416709899902e-01 1.492042839527130127e-01 1.044188588857650757e-01 1.055043265223503113e-01 2.475835382938385010e-01 1.518048495054244995e-01 2.504517436027526855e-01 1.627906113862991333e-01 2.652264237403869629e-01 1.707383990287780762e-01 1.659919470548629761e-01 1.406542360782623291e-01
3.239639699459075928e-01 4.803527891635894775e-01 -1.195526123046875000e-02 4.020991921424865723e-02 5.384872555732727051e-01 1.000000000000000000e+00 3.240563869476318359e-01 5.147727727890014648e-01 2.078852951526641846e-01 1.582803726196289062e-01 1.791929304599761963e-01 2.550697624683380127e-01 2.085954695940017700e-01 2.157108336687088013e-01 2.394883632659912109e-01 3.805281519889831543e-01 2.326388657093048096e-01 3.025723993778228760e-01 2.503305375576019287e-01 2.688720226287841797e-01 3.357333838939666748e-01 4.227752983570098877e-01 3.234080374240875244e-01 3.738507628440856934e-01 2.828897535800933838e-01 3.202749192714691162e-01 1.933872997760772705e-01 2.094647437334060669e-01 1.486506611108779907e-01 1.837991327047348022e-01 3.935448452830314636e-02 9.597902745008468628e-02 1.634340882301330566e-01 2.021931111812591553e-01 1.884015500545501709e-01 2.156397402286529541e-01 8.551082760095596313e-02 3.929226845502853394e-02 2.586576938629150391e-01 2.868497371673583984e-01 3.421111404895782471e-01 4.277492761611938477e-01 2.949806153774261475e-01 3.167531192302703857e-01 1.808822900056838989e-01 1.205920502543449402e-01 2.399193197488784790e-01 1.479126513004302979e-01 1.238741129636764526e-01 1.568278521299362183e-01 1.643726378679275513e-01 7.381014525890350342e-02 1.731238216161727905e-01 5.847814306616783142e-02 3.728128373622894287e-01 3.024372160434722900e-01 1.561544388532638550e-01 1.694077998399734497e-01 3.686016499996185303e-01 2.990400195121765137e-01 3.793417513370513916e-01 4.001187980175018311e-01 1.046973317861557007e-01 1.258844882249832153e-01 3.495804965496063232e-01 2.194605618715286255e-01 1.433887779712677002e-01 7.793775945901870728e-02 2.438553422689437866e-01 2.020775824785232544e-01 2.382219284772872925e-01 1.590576022863388062e-01 -6.564300972968339920e-03 4.220479354262351990e-02 1.428899914026260376e-01 1.787470132112503052e-01 1.781710684299468994e-01 1.368043273687362671e-01 1.882610768079757690e-01 1.494064480066299438e-01 5.382836982607841492e-02 7.202726602554321289e-02 8.359991759061813354e-02 2.578616328537464142e-02 1.560174971818923950e-01 -2.093512006103992462e-02 4.820556938648223877e-02 3.138509020209312439e-02 1.414501070976257324e-01 7.352478802204132080e-02 1.148841530084609985e-01 4.184808582067489624e-02 1.450314223766326904e-01 7.050189375877380371e-02 1.058461815118789673e-01 1.287865191698074341e-01
7.873045206069946289e-01 5.589649677276611328e-01 2.865703403949737549e-02 1.172963529825210571e-02 5.818580389022827148e-01 3.240563869476318359e-01 1.000000000000000000e+00 6.686324477195739746e-01 5.222770571708679199e-01 2.152861803770065308e-01 5.469043254852294922e-01 2.054571211338043213e-01 3.019954264163970947e-01 3.134768903255462646e-01 2.273673862218856812e-01 2.310490608215332031e-01 1.817522197961807251e-01 7.800851017236709595e-02 2.546750903129577637e-01 1.272731274366378784e-02 3.285623788833618164e-01 2.581064701080322266e-01 6.221982240676879883e-01 4.140338301658630371e-01 6.590823531150817871e-01 5.398374199867248535e-01 3.453171849250793457e-01 2.455426007509231567e-01 3.515930175781250000e-01 2.961468398571014404e-01 4.706778824329376221e-01 3.375267684459686279e-01 2.268796563148498535e-01 2.658522129058837891e-01 3.660109341144561768e-01 4.605083167552947998e-01 2.123058885335922241e-01 7.237173616886138916e-02 6.472141146659851074e-01 4.442095160484313965e-01 7.840816378593444824e-01 5.045573115348815918e-01 5.639974474906921387e-01 4.249094128608703613e-01 2.366724610328674316e-01 2.455971688032150269e-01 1.830867379903793335e-01 1.004129126667976379e-01 -1.201577484607696533e-02 -8.972847461700439453e-02 2.380549460649490356e-01 1.216504797339439392e-01 3.809910267591476440e-02 -1.108395978808403015e-01 4.727022349834442139e-01 1.792595535516738892e-01 2.601570785045623779e-01 3.175941407680511475e-01 5.791981816291809082e-01 4.421432614326477051e-01 5.543177723884582520e-01 4.238238632678985596e-01 1.333377659320831299e-01 1.076851040124893188e-01 3.889170289039611816e-01 -3.375492617487907410e-02 1.472032219171524048e-01 -9.015512466430664062e-02 2.254144847393035889e-01 9.812621772289276123e-02 2.973795831203460693e-01 1.451488733291625977e-01 3.638835251331329346e-02 -3.574199229478836060e-02 4.849873110651969910e-02 1.479136347770690918e-01 1.461203843355178833e-01 -1.650787331163883209e-02 2.947877645492553711e-01 1.573797762393951416e-01 6.655559688806533813e-02 -3.618280589580535889e-02 6.568627804517745972e-02 8.061447739601135254e-02 1.458626687526702881e-01 3.429547697305679321e-02 1.429819967597723007e-03 1.335794758051633835e-02 9.480205178260803223e-02 -1.358975283801555634e-02 5.788554251194000244e-02 3.496003523468971252e-02 2.114467024803161621e-01 1.110786646604537964e-01 3.160303533077239990e-01 3.709093928337097168e-01
5.139524936676025391e-01 7.754637598991394043e-01 2.642088010907173157e-02 7.991240918636322021e-02 3.809924721717834473e-01 5.147727727890014648e-01 6.686324477195739746e-01 1.000000000000000000e+00 2.089833170175552368e-01 3.962932527065277100e-01 2.621416151523590088e-01 4.199042320251464844e-01 1.445690989494323730e-01 2.195898145437240601e-01 1.497776806354522705e-02 1.926231831312179565e-01 3.412872180342674255e-02 5.163637176156044006e-02 2.101294510066509247e-02 8.243188261985778809e-02 1.364082545042037964e-01 2.530872225761413574e-01 3.936770260334014893e-01 5.013723969459533691e-01 4.878873229026794434e-01 5.816619992256164551e-01 2.147698700428009033e-01 2.918109893798828125e-01 2.990936934947967529e-01 4.117825329303741455e-01 2.458561509847640991e-01 3.331609070301055908e-01 9.355238825082778931e-02 8.351780474185943604e-02 2.081013768911361694e-01 3.566250801086425781e-01 1.968842595815658569e-01 6.765288859605789185e-02 5.307715535163879395e-01 6.043604016304016113e-01 5.516140460968017578e-01 7.064600586891174316e-01 4.067143797874450684e-01 4.462252557277679443e-01 1.379011124372482300e-01 1.117780953645706177e-01 1.944371163845062256e-01 1.222978010773658752e-01 -4.157467745244503021e-03 -1.301255635917186737e-02 9.583901613950729370e-02 8.784691989421844482e-02 4.611810669302940369e-02 -6.108896434307098389e-02 3.907057046890258789e-01 4.454137980937957764e-01 2.128446400165557861e-01 2.981634736061096191e-01 5.357583165168762207e-01 5.431592464447021484e-01 5.068437457084655762e-01 5.113275051116943359e-01 7.207664102315902710e-02 5.865292623639106750e-02 1.981891244649887085e-01 3.410089388489723206e-02 1.500144749879837036e-01 -3.434615954756736755e-02 2.446655780076980591e-01 1.587236970663070679e-01 2.395967394113540649e-01 1.338658630847930908e-01 -1.342089031822979450e-03 -2.562959305942058563e-02 5.842399969696998596e-02 1.481004506349563599e-01 1.176234111189842224e-01 -2.318901009857654572e-03 2.427991479635238647e-01 9.884290397167205811e-02 -4.826314374804496765e-02 2.526022680103778839e-02 1.974639110267162323e-02 7.000335957854986191e-03 8.476442098617553711e-02 -6.533206999301910400e-02 -1.500996947288513184e-02 2.647522464394569397e-02 5.004354566335678101e-02 -3.410829976201057434e-02 3.048343211412429810e-02 3.206024691462516785e-02 1.691935658454895020e-01 7.073477655649185181e-02 2.601700723171234131e-01 2.765189707279205322e-01
4.506312906742095947e-01 1.984218209981918335e-01 1.801135390996932983e-01 1.385166794061660767e-01 4.666528999805450439e-01 2.078852951526641846e-01 5.222770571708679199e-01 2.089833170175552368e-01 1.000000000000000000e+00 3.452378213405609131e-01 7.788458466529846191e-01 3.256236016750335693e-01 3.976487517356872559e-01 3.922794759273529053e-01 3.795602321624755859e-01 3.002775609493255615e-01 2.739825546741485596e-01 1.813467442989349365e-01 4.290572106838226318e-01 1.603805273771286011e-01 2.930829823017120361e-01 5.536872893571853638e-02 3.814676702022552490e-01 1.135667562484741211e-01 6.159080862998962402e-01 3.865761458873748779e-01 2.280181795358657837e-01 1.909790039062500000e-01 1.914352774620056152e-01 1.804164946079254150e-01 4.433619379997253418e-01 2.477222979068756104e-01 3.043319284915924072e-01 3.431327342987060547e-01 3.860780000686645508e-01 3.941037058830261230e-01 3.507893681526184082e-01 2.045267373323440552e-01 5.230189561843872070e-01 3.085205554962158203e-01 4.742476046085357666e-01 1.258841305971145630e-01 3.778989613056182861e-01 3.042592108249664307e-01 1.904071271419525146e-01 2.046453952789306641e-01 1.244647279381752014e-01 6.516448408365249634e-02 -1.146227959543466568e-02 -5.446110665798187256e-02 3.725463747978210449e-01 2.087452262639999390e-01 9.619116038084030151e-02 -7.501517236232757568e-02 2.598729431629180908e-01 -4.762126877903938293e-02 1.835368573665618896e-01 2.090435177087783813e-01 2.589583098888397217e-01 9.729077666997909546e-02 2.451275289058685303e-01 1.809736639261245728e-01 1.142128482460975647e-01 1.084276288747787476e-01 5.594574213027954102e-01 9.665428102016448975e-02 1.308026462793350220e-01 -4.717059433460235596e-02 1.982899904251098633e-01 3.619617596268653870e-02 2.212144881486892700e-01 1.030317917466163635e-01 8.577627688646316528e-02 4.718242213129997253e-02 1.063261702656745911e-01 1.086601242423057556e-01 1.423450708389282227e-01 4.852522164583206177e-02 1.602231711149215698e-01 1.075882315635681152e-01 2.775714099407196045e-01 3.533874405547976494e-03 2.093026787042617798e-01 2.122976779937744141e-01 2.486210167407989502e-01 1.798528134822845459e-01 1.613689959049224854e-01 1.439754068851470947e-01 2.147424072027206421e-01 9.714819490909576416e-02 1.947487443685531616e-01 1.424502879381179810e-01 1.452112197875976562e-01 9.220737963914871216e-02 1.247832179069519043e-01 1.862450838088989258e-01
1.729545593261718750e-01 4.416336715221405029e-01 3.422567844390869141e-01 2.970201671123504639e-01 4.988309368491172791e-02 1.582803726196289062e-01 2.152861803770065308e-01 3.962932527065277100e-01 3.452378213405609131e-01 1.000000000000000000e+00 3.429378271102905273e-01 7.516491413116455078e-01 2.252153754234313965e-01 3.160174489021301270e-01 -3.983060643076896667e-02 1.836979538202285767e-01 -1.117371916770935059e-01 -8.335953205823898315e-02 -1.197864487767219543e-01 1.607175320386886597e-01 -1.671958416700363159e-01 -9.225793182849884033e-02 -5.864107981324195862e-03 1.365057080984115601e-01 4.183143079280853271e-01 5.169046521186828613e-01 4.264752566814422607e-02 3.161000609397888184e-01 1.417102217674255371e-01 3.731821775436401367e-01 2.952250838279724121e-01 4.095067679882049561e-01 1.876624673604965210e-01 8.407164365053176880e-02 2.562694251537322998e-01 2.974681854248046875e-01 5.100148916244506836e-01 3.268746733665466309e-01 4.742008149623870850e-01 6.344633102416992188e-01 1.091443747282028198e-01 2.447270900011062622e-01 2.511993944644927979e-01 3.510286509990692139e-01 1.707953065633773804e-01 1.376142352819442749e-01 1.632417291402816772e-01 1.782127022743225098e-01 -1.039261817932128906e-01 -1.833467185497283936e-02 2.136304527521133423e-01 3.049897253513336182e-01 6.992847472429275513e-02 -1.354014500975608826e-02 1.740515232086181641e-01 3.463069200515747070e-01 2.857389450073242188e-01 3.786965906620025635e-01 2.517699599266052246e-01 3.187106847763061523e-01 1.320483088493347168e-01 2.583749890327453613e-01 1.093260943889617920e-01 9.468838572502136230e-02 1.987656056880950928e-01 2.255712747573852539e-01 1.325702965259552002e-01 -1.024822611361742020e-02 1.964483559131622314e-01 1.214657276868820190e-01 1.972834467887878418e-01 1.828429102897644043e-01 1.828346699476242065e-01 1.015941202640533447e-01 7.350333617068827152e-04 1.260234713554382324e-01 1.055840775370597839e-01 6.248944625258445740e-02 1.948959529399871826e-01 1.250243335962295532e-01 1.394641995429992676e-01 1.926710605621337891e-01 2.186356931924819946e-01 2.279971688985824585e-01 2.410989254713058472e-01 1.089343205094337463e-01 2.177442610263824463e-01 2.669452130794525146e-01 1.251659393310546875e-01 2.843157202005386353e-02 1.624294817447662354e-01 1.821880340576171875e-01 1.817160248756408691e-01 9.837926924228668213e-02 2.311745434999465942e-01 2.247393727302551270e-01
4.401199817657470703e-01 2.118760347366333008e-01 2.903771400451660156e-01 2.057753205299377441e-01 4.355675876140594482e-01 1.791929304599761963e-01 5.469043254852294922e-01 2.621416151523590088e-01 7.788458466529846191e-01 3.429378271102905273e-01 1.000000000000000000e+00 3.962862789630889893e-01 4.252867996692657471e-01 4.460391104221343994e-01 3.211255967617034912e-01 2.379400730133056641e-01 2.330287247896194458e-01 8.900309354066848755e-02 4.037067294120788574e-01 1.793194413185119629e-01 1.632601767778396606e-01 3.682935144752264023e-03 3.594514429569244385e-01 9.297151863574981689e-02 6.217956542968750000e-01 4.243828058242797852e-01 2.394175380468368530e-01 1.902954876422882080e-01 1.729645431041717529e-01 1.846914887428283691e-01 4.779457449913024902e-01 3.488788008689880371e-01 3.248476386070251465e-01 3.338911235332489014e-01 4.625596702098846436e-01 4.596448838710784912e-01 4.668636620044708252e-01 3.179388344287872314e-01 5.899769663810729980e-01 4.316848218441009521e-01 4.476954936981201172e-01 1.205812692642211914e-01 3.825113773345947266e-01 3.563937246799468994e-01 2.322607934474945068e-01 2.327723950147628784e-01 1.311371177434921265e-01 7.350514084100723267e-02 -1.014538705348968506e-01 -1.020890846848487854e-01 3.952212035655975342e-01 2.628470957279205322e-01 5.276663973927497864e-02 -7.329095155000686646e-02 2.965782582759857178e-01 -1.420817896723747253e-02 2.035244703292846680e-01 2.397934049367904663e-01 2.244968861341476440e-01 8.671177178621292114e-02 2.029840946197509766e-01 1.730387806892395020e-01 1.502318233251571655e-01 1.270205974578857422e-01 4.614343941211700439e-01 5.248237028717994690e-02 1.433450579643249512e-01 -3.994268178939819336e-02 2.119093686342239380e-01 1.948071992956101894e-03 2.405531406402587891e-01 1.280401796102523804e-01 1.161159276962280273e-01 4.560688510537147522e-02 9.175098687410354614e-02 9.786247462034225464e-02 2.041033208370208740e-01 5.422769859433174133e-02 1.976898014545440674e-01 1.198618412017822266e-01 3.567469716072082520e-01 5.673361569643020630e-02 2.962276637554168701e-01 2.812348604202270508e-01 2.753991186618804932e-01 2.090633660554885864e-01 1.890742331743240356e-01 2.254166752099990845e-01 2.146955877542495728e-01 1.171047836542129517e-01 2.275139391422271729e-01 1.827430725097656250e-01 1.857937127351760864e-01 9.792014956474304199e-02 1.436290144920349121e-01 1.913884133100509644e-01
1.121334657073020935e-01 4.104575216770172119e-01 3.149463534355163574e-01 3.367547392845153809e-01 4.880296066403388977e-02 2.550697624683380127e-01 2.054571211338043213e-01 4.199042320251464844e-01 3.256236016750335693e-01 7.516491413116455078e-01 3.962862789630889893e-01 1.000000000000000000e+00 1.298355162143707275e-01 2.517237365245819092e-01 -4.039078950881958008e-02 1.447069197893142700e-01 -1.062314808368682861e-01 -9.428631514310836792e-02 -5.721805989742279053e-02 1.791907697916030884e-01 -1.752458959817886353e-01 -9.003935754299163818e-02 5.045841634273529053e-02 1.958229243755340576e-01 3.960864245891571045e-01 5.406031012535095215e-01 2.839930914342403412e-02 2.929457128047943115e-01 1.317284554243087769e-01 3.292582631111145020e-01 1.905626356601715088e-01 3.194918334484100342e-01 9.092591702938079834e-02 -1.963236136361956596e-03 2.154859304428100586e-01 2.409358471632003784e-01 4.425675272941589355e-01 3.046382963657379150e-01 4.683812856674194336e-01 6.650543212890625000e-01 1.521950364112854004e-01 3.157883584499359131e-01 1.838480979204177856e-01 3.412403464317321777e-01 1.332121938467025757e-01 8.895157277584075928e-02 2.424838095903396606e-01 2.097402811050415039e-01 -1.182916164398193359e-01 -5.097879469394683838e-02 1.356715559959411621e-01 2.610101699829101562e-01 4.979626089334487915e-02 -1.890853233635425568e-02 1.865926533937454224e-01 3.584201335906982422e-01 2.317566871643066406e-01 3.015952110290527344e-01 1.369879841804504395e-01 2.042161375284194946e-01 4.270612820982933044e-02 1.789782494306564331e-01 1.369007229804992676e-01 1.028171330690383911e-01 2.164576649665832520e-01 2.448176294565200806e-01 9.699785709381103516e-02 -5.014680325984954834e-02 1.446637958288192749e-01 7.156597822904586792e-02 1.994725912809371948e-01 1.633903980255126953e-01 1.311585456132888794e-01 6.351031363010406494e-02 -1.429916173219680786e-02 9.837270528078079224e-02 1.258215606212615967e-01 5.261294916272163391e-02 1.860993355512619019e-01 1.174838915467262268e-01 1.676852405071258545e-01 2.396854907274246216e-01 1.831616163253784180e-01 1.663977503776550293e-01 1.513478159904479980e-01 5.815522745251655579e-02 1.785365492105484009e-01 2.054362297058105469e-01 7.137019187211990356e-02 -1.073557231575250626e-02 1.022647544741630554e-01 1.071564033627510071e-01 2.169289290904998779e-01 1.346634030342102051e-01 2.545938193798065186e-01 2.735870182514190674e-01
3.640345335006713867e-01 2.127999663352966309e-01 3.268150985240936279e-01 2.078530341386795044e-01 5.327565670013427734e-01 2.085954695940017700e-01 3.019954264163970947e-01 1.445690989494323730e-01 3.976487517356872559e-01 2.252153754234313965e-01 4.252867996692657471e-01 1.298355162143707275e-01 1.000000000000000000e+00 9.019992351531982422e-01 3.909697830677032471e-01 5.240347981452941895e-01 3.326334953308105469e-01 2.910712659358978271e-01 4.351744949817657471e-01 4.354777336120605469e-01 2.052996158599853516e-01 1.082787811756134033e-01 1.300380229949951172e-01 -5.391532182693481445e-02 3.196371793746948242e-01 1.905205696821212769e-01 1.852546483278274536e-01 2.715726196765899658e-01 1.560453772544860840e-01 1.421063989400863647e-01 5.433365106582641602e-01 3.644672930240631104e-01 8.990954160690307617e-01 8.833075761795043945e-01 7.569743394851684570e-01 7.376494407653808594e-01 5.504721403121948242e-01 4.793976843357086182e-01 4.065192937850952148e-01 2.881192862987518311e-01 1.796412765979766846e-01 -6.763025373220443726e-02 6.407661437988281250e-01 6.485354900360107422e-01 6.927649378776550293e-01 6.964349150657653809e-01 3.605473637580871582e-01 3.875510990619659424e-01 -6.025491654872894287e-02 7.950507849454879761e-02 8.212462067604064941e-01 5.241354107856750488e-01 1.438735872507095337e-01 2.330447174608707428e-02 1.585570573806762695e-01 -6.405261158943176270e-02 2.840627729892730713e-01 2.535362839698791504e-01 3.492353260517120361e-01 2.935196161270141602e-01 3.316507637500762939e-01 4.864521026611328125e-01 5.533452033996582031e-01 5.579265952110290527e-01 3.283188343048095703e-01 8.687150478363037109e-02 2.007788717746734619e-01 6.381879001855850220e-02 4.155125319957733154e-01 2.526558935642242432e-01 5.963511466979980469e-01 5.368804931640625000e-01 2.392554283142089844e-01 1.281484365463256836e-01 1.343934237957000732e-01 2.078126072883605957e-01 5.661470293998718262e-01 4.374252557754516602e-01 5.477649569511413574e-01 5.703420639038085938e-01 2.049767822027206421e-01 -6.321343034505844116e-02 6.497966051101684570e-01 6.380900740623474121e-01 6.996155977249145508e-01 5.021981000900268555e-01 3.435184657573699951e-01 4.884589612483978271e-01 4.363026320934295654e-01 3.591939508914947510e-01 6.033810377120971680e-01 4.749518036842346191e-01 4.823361635208129883e-01 3.461369574069976807e-01 2.536301016807556152e-01 9.132883697748184204e-02
3.550659418106079102e-01 2.482176572084426880e-01 3.580898940563201904e-01 2.728415429592132568e-01 5.095906853675842285e-01 2.157108336687088013e-01 3.134768903255462646e-01 2.195898145437240601e-01 3.922794759273529053e-01 3.160174489021301270e-01 4.460391104221343994e-01 2.517237365245819092e-01 9.019992351531982422e-01 1.000000000000000000e+00 3.102776110172271729e-01 5.065704584121704102e-01 2.829543054103851318e-01 2.576482892036437988e-01 3.635163307189941406e-01 4.423230886459350586e-01 1.160414889454841614e-01 3.457350656390190125e-02 4.683103784918785095e-02 -9.793496131896972656e-02 2.997308671474456787e-01 2.163718044757843018e-01 1.364920735359191895e-01 2.784883379936218262e-01 1.514366418123245239e-01 1.662927418947219849e-01 5.028899312019348145e-01 3.973187208175659180e-01 8.426014780998229980e-01 8.428553342819213867e-01 7.457677721977233887e-01 7.563572525978088379e-01 6.147859692573547363e-01 5.817031264305114746e-01 4.306418299674987793e-01 3.929611742496490479e-01 1.316887438297271729e-01 -7.759986072778701782e-02 6.440394520759582520e-01 7.092334628105163574e-01 6.715807914733886719e-01 6.969152688980102539e-01 4.079347848892211914e-01 4.426557719707489014e-01 -7.307124137878417969e-02 2.847248315811157227e-02 8.106412887573242188e-01 6.183267235755920410e-01 1.220388039946556091e-01 3.402169048786163330e-02 1.573048233985900879e-01 -1.165334414690732956e-02 3.134464919567108154e-01 2.777881622314453125e-01 3.004679977893829346e-01 2.912713885307312012e-01 3.201520144939422607e-01 5.084743499755859375e-01 5.904112458229064941e-01 5.769955515861511230e-01 2.975485622882843018e-01 8.352642506361007690e-02 2.139532715082168579e-01 4.024451971054077148e-02 4.375432431697845459e-01 2.828324735164642334e-01 6.288740634918212891e-01 5.840172171592712402e-01 2.362156063318252563e-01 1.136560142040252686e-01 1.431654840707778931e-01 2.431942224502563477e-01 5.842804312705993652e-01 4.668172299861907959e-01 5.622034072875976562e-01 5.922512412071228027e-01 2.482886016368865967e-01 8.152715861797332764e-03 6.559925675392150879e-01 6.902116537094116211e-01 6.800823807716369629e-01 5.450683236122131348e-01 3.696116805076599121e-01 5.145146250724792480e-01 4.104944169521331787e-01 3.604797422885894775e-01 5.733723044395446777e-01 5.030355453491210938e-01 5.110690593719482422e-01 3.778353631496429443e-01 2.733678817749023438e-01 8.554165810346603394e-02
3.411587178707122803e-01 1.478116214275360107e-01 1.515989601612091064e-01 8.107157051563262939e-02 4.648801088333129883e-01 2.394883632659912109e-01 2.273673862218856812e-01 1.497776806354522705e-02 3.795602321624755859e-01 -3.983060643076896667e-02 3.211255967617034912e-01 -4.039078950881958008e-02 3.909697830677032471e-01 3.102776110172271729e-01 1.000000000000000000e+00 5.150196552276611328e-01 4.320704638957977295e-01 3.651529848575592041e-01 6.509346365928649902e-01 4.398068785667419434e-01 4.576559960842132568e-01 2.856585979461669922e-01 4.143562018871307373e-01 1.974676847457885742e-01 2.681700289249420166e-01 1.919266432523727417e-01 4.157951772212982178e-01 2.844442427158355713e-01 7.084796577692031860e-02 9.774756431579589844e-02 2.182738929986953735e-01 9.548585861921310425e-02 3.371315002441406250e-01 3.754101097583770752e-01 2.498009353876113892e-01 2.651474177837371826e-01 1.667982935905456543e-01 1.332124471664428711e-01 3.101973235607147217e-01 1.030201241374015808e-01 3.559582233428955078e-01 2.164265327155590057e-02 2.802685797214508057e-01 2.064734846353530884e-01 3.361362218856811523e-01 2.864138782024383545e-01 1.490567028522491455e-01 1.379517465829849243e-01 6.643716711550951004e-03 7.972523570060729980e-02 3.404985964298248291e-01 1.735329777002334595e-01 9.683123975992202759e-02 -1.802084408700466156e-02 2.064891606569290161e-01 -9.764710813760757446e-02 1.798783093690872192e-01 1.050750017166137695e-01 1.996569037437438965e-01 8.097586035728454590e-02 1.472799032926559448e-01 1.478439271450042725e-01 2.078353315591812134e-01 2.363121807575225830e-01 5.281167030334472656e-01 1.515859514474868774e-01 1.404604464769363403e-01 7.912211865186691284e-02 2.189853340387344360e-01 9.314139932394027710e-02 2.634267210960388184e-01 2.188667804002761841e-01 1.160935014486312866e-01 7.598097622394561768e-02 7.754004746675491333e-02 7.779800891876220703e-02 2.767393887042999268e-01 2.142541557550430298e-01 2.605711221694946289e-01 2.727101743221282959e-01 2.145006954669952393e-01 -8.132026530802249908e-03 2.420641779899597168e-01 2.327132821083068848e-01 2.938409149646759033e-01 1.746193468570709229e-01 1.989201456308364868e-01 1.963915377855300903e-01 3.013132810592651367e-01 1.408330500125885010e-01 3.000144064426422119e-01 1.539528965950012207e-01 1.753378063440322876e-01 1.269270628690719604e-01 4.678950458765029907e-02 5.014088749885559082e-02
3.783763647079467773e-01 3.594242334365844727e-01 2.520314753055572510e-01 1.618082970380783081e-01 4.766892194747924805e-01 3.805281519889831543e-01 2.310490608215332031e-01 1.926231831312179565e-01 3.002775609493255615e-01 1.836979538202285767e-01 2.379400730133056641e-01 1.447069197893142700e-01 5.240347981452941895e-01 5.065704584121704102e-01 5.150196552276611328e-01 1.000000000000000000e+00 3.792497217655181885e-01 4.051446616649627686e-01 4.980958402156829834e-01 5.067162513732910156e-01 3.545554280281066895e-01 3.450537025928497314e-01 2.944675385951995850e-01 2.488428205251693726e-01 3.065769374370574951e-01 3.284009397029876709e-01 3.406086862087249756e-01 4.728096425533294678e-01 1.165357902646064758e-01 2.798303663730621338e-01 3.266031146049499512e-01 2.331264913082122803e-01 5.134743452072143555e-01 5.306881070137023926e-01 4.051554799079895020e-01 4.657881259918212891e-01 3.831080496311187744e-01 3.248884975910186768e-01 4.222379624843597412e-01 3.445362150669097900e-01 2.975746691226959229e-01 1.578338891267776489e-01 4.506131410598754883e-01 4.243319928646087646e-01 4.907780587673187256e-01 4.747240543365478516e-01 3.223305940628051758e-01 3.227047920227050781e-01 2.449340745806694031e-02 1.180275455117225647e-01 4.567709565162658691e-01 3.131853342056274414e-01 1.501798927783966064e-01 7.374346256256103516e-02 2.961194813251495361e-01 1.317515224218368530e-01 3.338015973567962646e-01 2.683941721916198730e-01 3.763745427131652832e-01 3.377422988414764404e-01 3.162666857242584229e-01 4.096089601516723633e-01 3.800847530364990234e-01 3.856821358203887939e-01 4.456361234188079834e-01 2.526845932006835938e-01 1.824984252452850342e-01 9.834215790033340454e-02 3.476060330867767334e-01 2.220204621553421021e-01 4.823375940322875977e-01 4.209486544132232666e-01 1.996386349201202393e-01 1.407345533370971680e-01 5.259012430906295776e-02 1.495673805475234985e-01 4.084735512733459473e-01 3.444450199604034424e-01 4.390202164649963379e-01 4.278918802738189697e-01 1.814871728420257568e-01 1.685190387070178986e-02 3.931644260883331299e-01 3.974569737911224365e-01 4.549694061279296875e-01 2.701708972454071045e-01 2.574836909770965576e-01 3.271286189556121826e-01 3.168669939041137695e-01 2.098609656095504761e-01 3.883404731750488281e-01 2.470456212759017944e-01 3.622480332851409912e-01 2.662882208824157715e-01 2.001579850912094116e-01 9.283369779586791992e-02
